+17087026700
+14759069417
+14195216552
+17156821485
+12728795466
+14701665727
+13235080537
+12315559908
+15070341461
+16821736222
+13366662842
+16100951108
+17401320641
+13527918399
+16161241081
+17318906820
+14054125881
+12721173885
+13147362033
+19197521718
+19727102845
+18605852371
+15747264240
+14029634881
+19371618825
+18476911205
+16286719869
+12058644306
+17435736100
+14091406799
+16105973486
+13211833476
+16369574031
+19785288165
+19730383000
+19194449472
+12168924484
+15418200221
+17856904321
+18725365375
+14108250250
+18036106896
+12532949363
+12163363939
+15595396169
+12024366707
+14064471235
+18309522613
+15106033870
+15416758406
+18574926711
+16197784791
+17046789058
+13039332604
+17862569787
+16085827122
+14012292030
+17869646199
+19070715616
+16896392845
+15201718406
+15745895683
+12024804067
+15737414046
+15850569359
+14697093131
+17155268410
+18042795102
+16307526012
+15301401861
+16156285176
+15019998487
+12397357404
+16673329142
+13400585609
+17636031139
+18384296336
+15102901118
+15418858847
+19388223536
+15753206499
+12521439184
+15858909524
+15734797163
+17575803535
+15408931922
+15732358134
+15045216497
+18120608082
+13401033000
+19280461135
+16606827543
+17858208970
+19388483443
+16149160921
+15752941587
+18061886419
+19147435724
+12033140877
+14084955822
+18186824421
+16267103783
+19417966895
+15014619332
+14120350126
+16055510731
+15712506087
+12349405256
+16517856223
+16145891038
+19181634240
+19475481246
+15401638429
+18108249762
+13163109589
+13184446309
+13306975515
+15739439216
+16289285505
+18500239252
+14132195826
+12074843575
+13178701776
+15164221950
+19301382551
+15094675338
+12076311009
+18546087017
+12130121614
+19786414090
+19387661643
+16233330573
+16782655811
+12108731874
+18508703226
+12280137803
+19788905019
+17861333048
+17146435916
+15515732392
+16597339389
+19734588269
+15013539108
+16895995995
+15095641162
+12489805993
+18168219431
+16109223296
+14244024890
+19362566748
+15863557902
+15087019144
+13475067941
+18470295070
+14061079377
+17349671636
+19303862449
+19071103136
+12094817995
+17633025510
+16802353243
+19316901125
+12197433877
+15750241218
+19195578751
+18576666210
+17706417833
+12191133095
+19371568415
+19046606027
+13516020045
+16469285969
+18786248298
+15737733820
+12064074268
+16073826208
+17543034837
+17602322712
+14017403404
+13025575713
+15030122938
+13196222038
+16191137059
+17577870838
+13147666903
+17328343606
+19042850068
+13255225726
+17245381885
+15862768529
+18489815857
+13516289419
+18501258905
+12100122921
+16191960511
+18188758960
+15417767194
+12139569263
+16787924392
+19121379870
+18451830720
+15712087219
+18029503298
+19317116697
+12400735913
+12052216358
+13039263151
+19707116602
+15203370384
+18508189824
+13516233038
+19287560740
+17437108232
+19148491316
+14062490286
+15094165983
+13606289004
+15052248863
+12694463945
+16672456617
+16697346664
+18542479741
+17735803186
+18622434100
+17169840213
+19413946211
+17737250560
+19369619938
+15401258207
+17705445413
+13073428468
+18548723328
+13081137610
+19104233701
+14096465795
+19802722278
+16509611490
+19069379178
+15075364141
+17048873810
+13071532035
+16016706507
+17138750563
+14251944578
+17749632123
+18171160733
+12696485209
+14304971334
+14081160939
+13473890219
+12241403407
+14121122664
+15074314508
+19162686509
+13252533681
+12085836636
+13057680527
+12765138225
+15098479151
+16315384821
+19477898191
+18637558203
+12152012406
+19065780842
+12017384513
+13364300279
+12089026162
+17758277618
+18621399335
+15058573979
+12523888789
+16174397551
+18548232630
+19540377887
+19526075674
+18051250519
+14401709257
+14099823767
+15010632050
+19206223876
+18563686355
+19078119273
+16501091611
+18705884374
+17540643966
+17406820396
+17731432933
+13206731831
+13365815179
+18104875630
+12097877200
+16573407636
+19122785781
+18475077975
+16057187225
+12147343243
+14152768379
+12190051066
+19853287490
+13528049276
+18063723727
+16629831813
+18147510036
+13391204581
+18161709041
+16623772964
+18059460607
+16514657164
+19154565732
+17125277431
+16805550950
+12547889144
+13097861699
+17045089281
+19340262493
+17196642712
+14093196796
+19095919194
+13073047473
+17745577958
+12052066457
+17798902497
+12120208307
+17728133891
+15708346233
+13391967693
+18784357624
+19782154472
+13525799607
+18064264682
+18506570985
+15590326762
+19299081903
+19738623944
+14132396475
+16289381130
+14085294231
+19566102109
+19148509407
+18011025172
+19474704939
+14191311279
+15593733631
+17318428195
+19131643404
+13368781849
+12566291658
+19372098705
+18597843228
+12532889263
+13181970157
+18170520844
+13478253968
+16288099422
+14019262454
+18134944426
+15077750258
+17130365452
+17862774499
+15176059803
+16809104661
+14081727553
+15717300254
+18727698146
+19188861833
+12671098592
+12608471717
+19319142591
+19797109293
+13125619945
+17608779362
+13391881945
+19598682529
+17024375041
+19310441912
+16187762537
+16788550815
+19408566420
+15077203120
+17627593141
+18586895661
+14849403424
+16189193914
+15041918199
+17863089190
+16575468789
+14147403894
+16031835045
+14796360898
+17735141664
+17065096498
+17067375116
+19146024566
+19031176475
+18381250197
+16677287666
+15869519094
+17812247874
+17270116823
+13194221463
+18172692024
+17153151819
+15121267174
+13232629218
+17653836769
+13866396831
+15082922273
+18022818422
+12075976017
+16819023234
+18729659999
+15108577024
+18045507350
+15319152741
+16508096522
+19196284154
+15311914750
+12156319666
+14803133753
+18786209536
+13217770925
+17851411818
+13857060950
+12488766239
+17195366707
+14781606044
+13195460032
+13469821947
+19317570993
+16609527647
+19039528715
+17406434486
+17142529229
+12696525618
+19499095010
+19030392371
+12397842933
+17065701003
+16123427210
+12704858279
+18140100715
+12674362123
+13054270117
+19525236286
+12172385809
+16512068265
+13349186698
+18620466297
+16788383826
+19176805492
+17473900723
+19526284054
+12523031710
+14128363723
+18452986107
+18627675474
+19803582890
+13010392397
+19039184272
+19254821116
+17478808912
+17026517735
+19708601853
+14099274405
+19373860518
+14348917644
+18781038976
+19283044614
+14345330455
+14133813502
+19085448600
+15676421427
+14056305061
+12017011424
+19070347049
+16098441755
+17732145868
+18437419457
+16624422725
+17080665428
+19182656761
+15731561596
+19385021769
+15391914482
+17725300032
+14405221547
+13360327101
+19157183758
+19343999696
+14585859785
+17176266525
+18383189505
+12311950850
+16014187404
+12256630179
+18127719018
+15010522784
+18308372686
+19723412111
+12082790740
+17165456476
+17032382355
+14109353520
+18590902745
+19543457577
+19593739499
+14197395578
+17157048408
+12392556110
+16414940977
+15185657841
+19796898194
+14354507787
+13080637399
+19295952475
+17242773700
+19282707734
+17179487186
+16804290971
+17258354481
+17173622798
+15732298358
+19855583064
+13029459384
+19146627492
+14198003681
+18381803265
+18482339061
+18632057729
+19724169227
+15715593179
+19843811763
+14127964739
+12340769023
+17747883399
+17749803105
+15042334825
+14045463440
+18489415279
+12075403688
+15512895414
+15153945135
+18166335012
+17209714844
+14042972725
+19528027023
+18658969234
+15201383345
+15209456714
+17407511976
+15204968717
+16159997023
+18625019336
+17479577191
+13218467297
+15120311076
+13461311311
+19373299293
+16607521909
+13215377619
+18653458400
+14438760284
+19892546903
+12072307518
+13165608531
+15407932783
+17264873880
+13184671395
+19181400501
+16502917858
+18283465938
+12286441284
+12065060324
+18281329536
+15716985889
+19413298471
+17376358037
+15302685734
+14305222812
+14131184461
+12064854120
+17658414710
+13319776443
+19560198989
+17258945290
+17656369630
+14342396941
+15805497688
+19080290829
+18607733104
+18632673165
+12346598879
+15516522434
+18329966696
+14432553317
+17816005776
+16416062801
+13200200471
+12674982798
+18124771627
+13609491815
+15716405430
+12120625250
+13028446486
+13257985947
+12086563684
+14151104435
+19541946864
+17851434477
+19121222677
+16284764131
+17473264253
+18780144876
+12179510608
+16296924134
+14139204794
+16780627397
+17035973642
+18063192705
+15307188790
+19367833426
+14019675909
+15634414788
+19295048026
+12022939499
+16065147123
+12125091666
+12109296063
+19361881298
+14098966541
+19714286106
+19367950854
+19297565995
+14400179646
+17709663231
+19782185586
+13304372184
+19413835123
+13510878742
+16590587267
+14085615455
+18122394370
+19085577038
+17850823773
+19123257582
+12078390861
+15716654305
+19782776744
+14152763441
+14050584588
+16188443990
+12010006410
+15121448736
+19722233090
+12070158430
+17205852880
+14141550439
+17012904766
+16179394665
+14800567611
+19400134843
+19069124464
+19089522904
+19710201501
+15807625078
+19720642694
+14429410581
+16267201964
+13139856691
+12520160868
+14845259765
+15411859629
+16014578277
+19547620375
+18068556950
+14807582925
+19845721776
+15043305003
+19124811249
+17738293520
+19722111178
+17172707904
+17199075878
+16197277454
+19412149393
+19159487038
+18387060077
+15347888734
+14794697678
+19859169372
+12623732628
+17316803505
+13306247430
+13196137774
+19377909966
+13021895806
+13034650109
+19566739646
+18585610002
+16140966402
+18646711159
+15742671386
+14098106476
+13614131664
+16260591835
+12534785292
+16143014086
+17377771737
+15187347336
+12565194988
+17703093916
+17751492416
+15139542103
+18566330798
+18640136120
+19385314636
+13190781038
+19133387783
+16618803015
+15753808314
+15150589964
+12537901098
+13369270950
+19176691362
+12568800786
+16209000547
+16205987821
+18598812142
+18642756916
+19280501592
+17637341145
+18179747549
+18606057647
+19791119904
+19125189706
+18587523460
+16055814951
+16515896190
+16201323851
+13613211300
+14585737256
+19147178817
+19843283022
+18130086365
+16104519727
+19400660708
+13377313581
+17076338222
+18434705643
+15390333051
+16596723806
+16029528835
+18042112940
+16055617518
+14438622134
+19377167224
+15851580308
+19404563812
+14782878238
+17139464893
+18594057322
+17656546367
+17813452718
+14246273336
+17082604454
+16030603300
+16193469126
+12103033324
+14139993174
+17623686551
+17242761895
+13012318893
+17206554537
+16785913117
+15087254094
+15644970888
+13528058875
+13407595650
+16812417382
+16103568893
+14347561453
+18151582809
+15861375015
+13156003292
+12020021478
+13141557734
+15166692385
+14046652928
+17744899098
+19083415939
+18487727411
+16204124385
+18655147636
+16149585042
+19781191173
+18155861320
+13043752722
+12196451863
+14104065002
+17694116719
+13099048434
+15394711039
+12348824455
+13472459905
+13045940437
+13160155356
+17650467586
+19544341753
+12696682501
+12535490576
+13404925940
+18153280312
+16038757458
+17122394379
+17817395814
+13182455770
+13022096140
+15517234150
+15634257940
+14245551706
+17401327956
+12814118460
+16265564702
+16579192279
+17541338983
+17729068094
+15619249539
+19792851219
+13043529492
+16629950554
+18450214613
+15139267027
+12022835120
+14172364547
+13314384208
+18038235462
+13038315200
+12087249829
+14063372321
+18545290224
+14791066849
+19789151936
+12158465282
+17045997034
+15342799723
+16230197596
+19099572391
+18326679048
+16230242167
+15639949788
+12346360053
+12138976551
+15519905540
+12080027237
+14101658331
+12811878799
+18022988943
+16162591981
+16896325305
+17271702034
+13408185800
+19153177838
+12670249352
+13033600435
+17323475751
+12569276936
+19415931674
+18454683607
+15025533210
+12174626019
+15736322734
+15804043609
+15735242887
+13106012386
+14430118901
+16826323542
+17240518308
+13178052546
+15801072677
+17325507403
+18547181770
+14235463596
+15700018890
+16576459211
+15706612003
+15346360224
+19091944606
+13105911465
+15670633501
+15613904563
+19176207720
+14029869515
+16595317566
+13529023543
+15092284224
+13305715744
+12156931730
+15590856981
+19345243038
+12036855828
+15674933736
+19078799542
+18701427260
+16501089085
+18320241226
+17187615214
+15344600108
+17207103840
+17314474885
+19703279486
+12620571299
+18101091736
+16812369373
+16617693465
+19523706853
+12487332813
+19156251299
+16081742097
+18436473486
+14797692441
+12565651157
+18045577269
+19780252755
+19785084032
+15084491502
+12545787677
+12605875198
+17632580548
+19132103126
+13019479510
+19127472920
+15171627539
+16319468368
+17373161240
+12622365753
+16012466013
+14106286759
+16190609166
+14694776478
+12546346383
+15183793684
+17279123180
+15628670059
+13367213654
+16174407097
+13473345577
+15804162205
+14057830201
+16466710712
+18104679866
+16808624089
+15027689134
+18591743186
+13075158615
+16691359137
+16825558221
+18506860208
+16361892477
+14106205649
+19405745853
+17138579687
+18126143096
+17080626352
+14107186104
+13378499337
+19372198265
+18307300398
+17348419022
+16618222151
+19499054147
+17246726409
+15037638043
+19844532623
+15632194807
+16676919390
+19859464987
+16056724282
+15805039453
+12133543872
+15678089643
+19259845387
+18125460699
+15716153113
+19126396972
+19166549458
+17049553917
+19154467072
+14841843834
+13512859433
+13132351011
+19715737156
+17741234257
+19145964024
+14061847587
+13015582643
+13100216210
+19201754507
+12179584391
+14303590772
+14249075417
+17578262027
+17626671571
+12251658280
+12816839065
+17141922783
+16284478304
+15803060330
+12519359984
+15075424112
+17319079357
